0.090327,0.091526,0.097436
0.077338,0.081179,0.092976
0.091732,0.092100,0.096171
0.080115,0.082898,0.119812
0.093612,0.092555,0.097392
0.076494,0.081657,0.093332
0.091035,0.092675,0.099534
0.081184,0.081786,0.093863
0.093928,0.092385,0.105981
0.079924,0.081950,0.094387
0.077816,0.080876,0.095618
0.080809,0.081994,0.093442
0.091024,0.093552,0.097490
0.078235,0.082626,0.096062
0.091910,0.096403,0.109723
0.054131,0.055938,0.064161
0.048676,0.049059,0.051755
0.039853,0.039694,0.041571
0.033476,0.033649,0.034662
0.033344,0.033695,0.034725
0.032963,0.033525,0.035841
0.033878,0.034048,0.034876
0.027986,0.029232,0.033393
0.029333,0.029333,0.033644
0.033095,0.033255,0.034777
0.027808,0.029620,0.033026
0.033336,0.034182,0.034852
0.027578,0.029457,0.033154
0.033084,0.033601,0.035822
0.028663,0.030341,0.033019
0.032383,0.033229,0.034639
0.038785,0.029719,0.033356
0.033723,0.034138,0.035655
0.028601,0.029577,0.033759
0.033030,0.034683,0.034968
0.028595,0.044653,0.033476
0.034654,0.033945,0.035028
0.027582,0.029594,0.033338
0.033012,0.033474,0.034618
0.033028,0.040939,0.035293
0.028061,0.029224,0.034340
0.032931,0.033023,0.034732
0.028092,0.030096,0.032847
0.042145,0.033989,0.035606
0.028481,0.029706,0.033269
0.033049,0.033630,0.035595
0.027729,0.029356,0.033605
0.076165,0.033972,0.035616
0.028490,0.029395,0.034159
0.032782,0.033013,0.034990
0.033625,0.034466,0.035782
0.050425,0.033969,0.034966
0.032803,0.033475,0.035115
0.028692,0.029467,0.033010
0.034113,0.033925,0.036254
0.032642,0.033372,0.034853
0.027879,0.029332,0.033515
0.033158,0.033721,0.035476
0.033850,0.034069,0.035616
0.032556,0.032968,0.034715
0.027727,0.029493,0.034200
0.027902,0.029555,0.032896
0.032521,0.032980,0.034666
0.027779,0.029826,0.033113
0.028128,0.029012,0.033737
0.033596,0.034142,0.035537
0.028488,0.029016,0.034494
0.033897,0.041250,0.035055
0.027759,0.028990,0.033685
0.033421,0.034577,0.035988
0.027675,0.029454,0.033159
0.027739,0.033171,0.036133
0.027597,0.029327,0.033700
0.033491,0.034164,0.036007
0.033065,0.035293,0.034873
0.034497,0.034081,0.035158
0.032489,0.033070,0.034732
0.033794,0.033080,0.035745
0.032641,0.033080,0.035089
0.033054,0.034303,0.061098
0.033328,0.033759,0.034892
0.033636,0.033572,0.035718
0.032675,0.033552,0.035415
0.032880,0.032883,0.035160
0.032752,0.033439,0.036882
0.033091,0.033610,0.035559
0.032541,0.034532,0.035116
0.032634,0.032906,0.034949
0.032748,0.033421,0.034989
0.032606,0.033724,0.035529
0.032924,0.034003,0.034976
0.032999,0.032940,0.035878
0.028103,0.034687,0.038014
0.027749,0.037398,0.035413
0.033615,0.033346,0.035255
0.027705,0.029915,0.033033
0.086950,0.033092,0.035496
0.027645,0.030082,0.034050
0.033250,0.033520,0.034834
0.028198,0.029922,0.032892
0.032540,0.049632,0.035318
0.029286,0.029757,0.032871
0.032685,0.033225,0.034926
0.027204,0.029589,0.033734
0.034086,0.034063,0.034828
0.033108,0.033934,0.035153
0.032816,0.032967,0.035140
0.033451,0.034214,0.034670
0.032802,0.049424,0.035181
0.033298,0.033632,0.034728
0.033221,0.033650,0.035074
0.033325,0.033710,0.034791
0.033563,0.034101,0.035236
0.034376,0.034315,0.035937
0.028601,0.029359,0.033872
0.032824,0.033167,0.034628
0.029042,0.029224,0.033054
0.032728,0.032992,0.035103
0.027965,0.030126,0.033517
0.032731,0.033159,0.034912
0.028614,0.029201,0.034129
0.032758,0.033774,0.036176
0.027678,0.029513,0.032987
0.034584,0.033668,0.035006
0.028396,0.029284,0.033533
0.042785,0.034905,0.034917
0.027504,0.029312,0.033532
0.032514,0.033119,0.036056
0.027798,0.029452,0.033420
0.032869,0.033923,0.034741
0.028272,0.030049,0.033069
0.033361,0.033165,0.035528
0.028533,0.029138,0.033309
0.036834,0.029942,0.033132
0.028212,0.029132,0.033652
0.033388,0.034269,0.035667
0.028000,0.029056,0.033445
0.033616,0.068784,0.035070
0.033384,0.033604,0.035119
0.033004,0.033735,0.034830
0.028399,0.029753,0.033180
0.033253,0.043756,0.035169
0.033140,0.033529,0.035142
0.033033,0.033585,0.034824
0.027811,0.029345,0.033053
0.032853,0.033463,0.035127
0.027875,0.029323,0.033424
0.032917,0.034712,0.034771
0.033244,0.034051,0.035642
0.033013,0.033142,0.042813
0.027722,0.029068,0.033703
0.032090,0.032853,0.035896
0.027921,0.031837,0.035472
0.028457,0.029761,0.033487
0.028122,0.029069,0.033081
0.028123,0.029627,0.032780
0.032759,0.032828,0.035092
0.028057,0.029591,0.034368
0.030058,0.029320,0.033354
0.028470,0.029782,0.034011
0.028456,0.030188,0.033883
0.027782,0.029313,0.033951
0.028446,0.029955,0.032978
0.033091,0.033740,0.035391
0.029846,0.029444,0.047827
0.033755,0.033600,0.035084
0.024640,0.025321,0.029094
0.021194,0.032413,0.028476
0.021324,0.022381,0.025616
0.024921,0.020027,0.022806
0.019040,0.020230,0.022911
0.017300,0.018470,0.020434
0.016930,0.017742,0.020194
0.017356,0.018214,0.021279
0.017020,0.017773,0.020670
0.016872,0.017763,0.020934
0.017580,0.018302,0.020337
0.017037,0.017848,0.020039
0.017014,0.017890,0.021281
0.016940,0.018595,0.020204
0.016959,0.017847,0.021279
0.016810,0.017817,0.020471
0.019711,0.020261,0.021727
0.016979,0.017926,0.020158
0.019798,0.020646,0.021132
0.016906,0.017886,0.020333
0.020260,0.020334,0.021767
0.020312,0.021137,0.021336
0.020192,0.019992,0.021218
0.020288,0.020664,0.021480
0.020241,0.020462,0.021862
0.020162,0.020366,0.021251
0.019629,0.020083,0.021137
0.019802,0.020371,0.021600
0.020042,0.019992,0.021009
0.020352,0.020743,0.021533
0.019764,0.020276,0.021269
0.020154,0.048870,0.021517
0.020351,0.020748,0.021270
0.020928,0.020910,0.022194
0.020191,0.020153,0.021841
0.020473,0.020426,0.021281
0.019955,0.025588,0.021160
0.020092,0.020469,0.022109
0.019985,0.020704,0.021376
0.021663,0.020565,0.021343
0.019664,0.020641,0.021274
0.020258,0.020500,0.021677
0.020189,0.020334,0.021538
0.019899,0.020318,0.021080
0.020382,0.020252,0.021339
0.020253,0.020541,0.021292
0.020214,0.020347,0.021051
0.018031,0.020425,0.022323
0.020427,0.020660,0.022223
0.017734,0.018912,0.021272
0.020554,0.021292,0.022163
0.017615,0.018535,0.020488
0.020679,0.021155,0.022545
0.017326,0.018304,0.020820
0.020754,0.021032,0.021737
0.018139,0.018668,0.020637
0.020698,0.020755,0.022148
0.020302,0.020467,0.021724
0.018019,0.018573,0.020612
0.020286,0.020697,0.021531
0.020512,0.020715,0.021944
0.020373,0.020526,0.021643
0.020662,0.021812,0.021670
0.020477,0.021104,0.021875
0.021223,0.021425,0.021669
0.021117,0.020835,0.021678
0.021393,0.020503,0.021971
0.021071,0.021590,0.022138
0.020636,0.020991,0.021913
0.020427,0.021140,0.022142
0.020262,0.020803,0.022176
0.020689,0.021638,0.022089
0.021087,0.020913,0.022632
0.020690,0.021225,0.021835
0.021260,0.021633,0.021649
0.020511,0.021428,0.021683
0.020472,0.020838,0.022117
0.020228,0.020673,0.021907
0.020745,0.021207,0.021792
0.020069,0.020731,0.022216
0.020415,0.025898,0.021839
0.020393,0.020726,0.022072
0.020345,0.020725,0.021752
0.020564,0.020952,0.021742
0.020531,0.020773,0.021737
0.020888,0.021018,0.021691
0.020355,0.020373,0.021785
0.020975,0.020664,0.021648
0.020382,0.021524,0.021659
0.020698,0.021124,0.021690
0.020760,0.020762,0.021976
0.020512,0.020573,0.021729
0.020542,0.020874,0.021734
0.021332,0.021678,0.021953
0.020879,0.021042,0.021833
0.021031,0.021241,0.036314
0.020911,0.025956,0.021964
0.020698,0.021207,0.021803
0.020558,0.021395,0.021935
0.020578,0.020947,0.021627
0.020772,0.021044,0.022126
0.021258,0.020890,0.021903
0.020538,0.021085,0.021748
0.020710,0.020694,0.021935
0.020332,0.020658,0.021823
0.021171,0.020809,0.021961
0.020715,0.021113,0.021790
0.020345,0.020421,0.021777
0.017347,0.018278,0.021180
0.020573,0.021977,0.021878
0.020349,0.020718,0.022379
0.020516,0.021490,0.021662
0.020556,0.021283,0.021801
0.020930,0.020833,0.022318
0.019883,0.020701,0.021865
0.020344,0.020713,0.021767
0.020363,0.021438,0.021806
0.021349,0.021119,0.025760
0.020571,0.048513,0.022423
0.020794,0.024852,0.022152
0.061095,0.021554,0.022573
0.020585,0.021022,0.021875
0.020188,0.021002,0.021862
0.020568,0.021207,0.022096
0.021022,0.021320,0.021906
0.020494,0.021004,0.021799
0.020623,0.020966,0.022475
0.020982,0.020905,0.022151
0.021238,0.021356,0.021954
0.020605,0.020950,0.021657
0.020387,0.021103,0.022158
0.021052,0.020960,0.022377
0.017537,0.018433,0.020562
0.020545,0.020668,0.022011
0.020282,0.020447,0.022029
0.020350,0.021049,0.021654
0.021086,0.020937,0.021774
0.020779,0.020894,0.021922
0.020484,0.021022,0.021768
0.020984,0.021367,0.021706
0.022637,0.023352,0.024391
0.023027,0.022720,0.023657
0.021850,0.022491,0.023671
0.022273,0.022313,0.023639
0.022319,0.022700,0.024742
0.022083,0.022862,0.023443
0.022260,0.022796,0.023786
0.023419,0.023653,0.023378
0.022103,0.022282,0.023605
0.022944,0.022648,0.023637
0.022239,0.022818,0.023668
0.022096,0.022277,0.024478
0.022166,0.022464,0.023725
0.022186,0.022976,0.023548
0.022365,0.022624,0.023480
0.021935,0.022320,0.024039
0.026941,0.022216,0.023913
0.022745,0.022384,0.023533
0.021915,0.022450,0.023452
0.023004,0.024134,0.023456
0.021821,0.022412,0.023709
0.022018,0.022844,0.023690
0.022038,0.022637,0.023654
0.022394,0.022598,0.023616
0.022487,0.023530,0.024041
0.022137,0.022643,0.023416
0.022470,0.022640,0.023450
0.021984,0.022228,0.023504
0.022846,0.023446,0.023966
0.023200,0.022883,0.024103
0.022809,0.022723,0.023925
0.018524,0.020106,0.022173
0.022131,0.022944,0.023615
0.019349,0.019537,0.022675
0.021819,0.022321,0.023629
0.019675,0.020172,0.022647
0.022021,0.022638,0.023458
0.022898,0.023161,0.023996
0.022533,0.022772,0.023429
0.027347,0.023101,0.023606
0.021730,0.022386,0.023682
0.019190,0.019601,0.022330
0.022580,0.023137,0.023609
0.022206,0.022339,0.023629
0.022059,0.022264,0.024117
0.022449,0.022934,0.023693
0.022429,0.022440,0.023732
0.022698,0.022810,0.023937
0.022069,0.028432,0.023371
0.022208,0.022968,0.023537
0.022468,0.022574,0.023779
0.022202,0.022282,0.023555
0.021869,0.022002,0.023974
0.022779,0.022740,0.024117
0.021946,0.023019,0.023391
0.022673,0.022377,0.023631
0.021852,0.023252,0.023936
0.022994,0.022784,0.023484
0.022129,0.022474,0.023737
0.021944,0.022411,0.024280
0.022028,0.022213,0.023832
0.022247,0.022584,0.023890
0.022484,0.023103,0.023564
0.022437,0.023029,0.023450
0.022963,0.023015,0.023722
0.024025,0.023336,0.024023
0.023111,0.023010,0.023540
0.021808,0.022508,0.023461
0.021839,0.022495,0.024000
0.022316,0.022717,0.024002
0.021748,0.022276,0.023534
0.021891,0.022268,0.023589
0.019216,0.019834,0.022317
0.022142,0.022812,0.023543
0.022038,0.022639,0.023453
0.021971,0.022557,0.023675
0.023005,0.022810,0.023746
0.022771,0.022668,0.023736
0.022050,0.022567,0.023568
0.022035,0.022705,0.024237
0.022122,0.022368,0.023646
0.021791,0.022217,0.023328
0.021705,0.022237,0.023670
0.022089,0.022462,0.023818
0.021829,0.022685,0.023441
0.022454,0.022985,0.023410
0.022775,0.022291,0.023760
0.028238,0.022729,0.023564
0.022126,0.022354,0.023866
0.022606,0.023063,0.023756
0.022030,0.022469,0.023402
0.019099,0.019775,0.022737
0.042722,0.022463,0.023722
0.018694,0.019974,0.022188
0.022198,0.022708,0.023836
0.021875,0.022277,0.023537
0.022063,0.022835,0.023880
0.022775,0.022421,0.024331
0.022629,0.023089,0.023802
0.022108,0.022283,0.023654
0.022440,0.022387,0.023719
0.018879,0.019771,0.022336
0.021912,0.022175,0.023566
0.022376,0.022719,0.023640
0.022189,0.022695,0.023990
0.022363,0.022636,0.023455
0.021846,0.022138,0.024259
0.022379,0.022381,0.023812
0.021961,0.022364,0.023471
0.021873,0.022684,0.023867
0.022365,0.022384,0.023490
0.021938,0.022146,0.023613
0.018870,0.020156,0.022399
0.018741,0.026786,0.024675
0.018591,0.019469,0.022411
0.021930,0.023313,0.023407
0.019079,0.020280,0.022098
0.022675,0.022663,0.023426
0.019078,0.020279,0.022845
0.022056,0.022401,0.023882
0.018898,0.020273,0.022275
0.022594,0.022432,0.023681
0.018735,0.019733,0.022323
0.021878,0.022349,0.024196
0.021926,0.022364,0.023727
0.022410,0.022518,0.023372
0.018485,0.019969,0.022235
0.022698,0.022853,0.024006
0.021837,0.022396,0.023786
0.018522,0.019937,0.022502
0.022217,0.022140,0.023520
0.018655,0.019859,0.022249
0.022266,0.022610,0.024338
0.018585,0.019586,0.022392
0.022081,0.022322,0.024007
0.019116,0.019576,0.022383
0.022015,0.022363,0.023435
0.021884,0.022447,0.023477
0.022205,0.022404,0.023623
0.019291,0.019871,0.022407
0.022131,0.022814,0.023697
0.023310,0.023225,0.023459
0.021973,0.022087,0.023521
0.022146,0.022209,0.023859
0.022680,0.022858,0.024325
0.023065,0.023085,0.023408
0.021810,0.022345,0.023973
0.023308,0.035058,0.023750
0.022173,0.022666,0.023454
0.022021,0.022287,0.023647
0.021872,0.022206,0.023492
0.022622,0.022727,0.027782
0.022191,0.022290,0.023753
0.021927,0.022137,0.023511
0.022113,0.022103,0.023853
0.021921,0.022781,0.023364
0.021936,0.022512,0.023535
0.022004,0.022755,0.024137
0.022135,0.022739,0.023452
0.021870,0.022592,0.024337
0.022250,0.023115,0.023583
0.021813,0.022472,0.024970
0.022217,0.034173,0.023696
0.022381,0.022274,0.023749
0.022862,0.023033,0.024122
0.022447,0.022704,0.023813
0.022679,0.022329,0.023377
0.021825,0.022578,0.027569
0.021863,0.022308,0.023901
0.021785,0.022654,0.023885
0.021819,0.022605,0.023536
0.021747,0.022795,0.024171
0.022635,0.022740,0.027508
0.022451,0.022974,0.023761
0.021923,0.022378,0.023980
0.021925,0.022858,0.023604
0.022224,0.022232,0.024073
0.022588,0.023187,0.023961
0.022903,0.022880,0.023366
0.022291,0.022913,0.023790
0.022400,0.022634,0.023783
0.022473,0.022387,0.023450
0.018893,0.019606,0.022401
0.021729,0.022746,0.023409
0.021795,0.022199,0.023644
0.019062,0.019758,0.022251
0.023323,0.019787,0.022405
0.018883,0.019714,0.022232
0.022433,0.022628,0.023510
0.019427,0.019795,0.022228
0.018762,0.046829,0.023009
0.019728,0.020152,0.022874
0.018776,0.020349,0.022259
0.019031,0.019719,0.022162
0.018553,0.020069,0.022353
0.022185,0.022505,0.023894
0.018868,0.020061,0.023171
0.021978,0.022162,0.023595
0.018956,0.019792,0.022238
0.021878,0.022749,0.023636
0.022012,0.022722,0.023633
0.022938,0.022789,0.024049
0.022144,0.022915,0.024156
0.022355,0.022563,0.023677
0.022698,0.023513,0.023672
0.022263,0.022938,0.024240
0.022374,0.022587,0.023679
0.021983,0.023155,0.023365
0.022437,0.022684,0.028173
0.022428,0.022290,0.023779
0.022290,0.022737,0.025163
0.022368,0.022879,0.023978
0.022294,0.022503,0.023982
0.022555,0.022570,0.024345
0.022670,0.022903,0.024057
0.022152,0.022534,0.024205
0.018705,0.019961,0.022651
0.022241,0.022404,0.029823
0.018694,0.020058,0.022325
0.022179,0.022846,0.023521
0.022362,0.022332,0.023583
0.022360,0.022881,0.023546
0.022314,0.022189,0.023727
0.022523,0.022772,0.023780
0.022174,0.022651,0.023622
0.022316,0.022672,0.023331
0.022512,0.022186,0.032895
0.031583,0.024989,0.023483
0.022042,0.022567,0.023487
0.021713,0.022367,0.023728
0.021885,0.022470,0.023934
0.022409,0.022738,0.023773
0.023308,0.023033,0.023775
0.022144,0.022109,0.023822
0.022692,0.022764,0.024373
0.022398,0.022283,0.023729
0.021821,0.034470,0.023766
0.023269,0.023492,0.023519
0.022850,0.022689,0.023801
0.022441,0.022531,0.023434
0.021672,0.022202,0.024008
0.022109,0.022470,0.024192
0.021786,0.022513,0.024063
0.022325,0.022890,0.023901
0.021806,0.022382,0.023519
0.022292,0.022680,0.023601
0.021994,0.022451,0.023975
0.022514,0.023102,0.023646
0.022463,0.023035,0.023511
0.022037,0.022512,0.023362
0.022060,0.022394,0.024750
0.022121,0.022774,0.023640
0.022081,0.022162,0.023562
0.022135,0.022515,0.023790
0.021950,0.022339,0.023819
0.022823,0.023522,0.023514
0.022486,0.022834,0.023934
0.021689,0.022480,0.023522
0.022050,0.022270,0.023521
0.021829,0.022208,0.023651
0.022090,0.022616,0.023418
0.022100,0.022527,0.023548
0.022951,0.022992,0.023915
0.022072,0.022342,0.023608
0.022356,0.022469,0.023572
0.021684,0.022430,0.023520
0.019538,0.019625,0.022381
0.021907,0.022315,0.023687
0.022157,0.022314,0.024163
0.022284,0.022339,0.023983
0.022014,0.022606,0.023779
0.022827,0.022420,0.023683
0.022937,0.022960,0.023614
0.022041,0.022848,0.024559
0.021784,0.022657,0.023480
0.021814,0.022354,0.023651
0.022008,0.022485,0.024019
0.022178,0.022842,0.024640
0.022293,0.022751,0.029084
0.021977,0.022308,0.024249
0.022063,0.022058,0.023824
0.021786,0.022526,0.023840
0.022582,0.022518,0.023458
0.022684,0.022653,0.023857
0.022701,0.022477,0.023828
0.022125,0.022243,0.023628
0.021956,0.022563,0.024550
0.021946,0.022195,0.024270
0.022223,0.027875,0.023390
0.022016,0.022341,0.023638
0.022207,0.023098,0.023961
0.022311,0.022593,0.023637
0.022048,0.022192,0.023691
0.022057,0.022492,0.023516
0.022199,0.022890,0.024003
0.022166,0.022716,0.024132
0.022609,0.023162,0.024126
0.023436,0.022868,0.023703
0.022041,0.022166,0.024142
0.022132,0.022297,0.024246
0.022536,0.022533,0.023446
0.022262,0.023053,0.024156
0.022436,0.022903,0.023322
0.022664,0.023013,0.023937
0.021894,0.022159,0.023957
0.021920,0.022827,0.023556
0.021948,0.022205,0.023391
0.022623,0.023096,0.023709
0.022714,0.023565,0.024088
0.022144,0.022831,0.023662
0.021761,0.022227,0.024210
0.022653,0.022516,0.024267
0.051068,0.023166,0.023812
0.021930,0.022193,0.023455
0.022367,0.022352,0.023723
0.021803,0.022482,0.024164
0.022143,0.022118,0.028248
0.022811,0.022682,0.023888
0.022294,0.022482,0.023627
0.030432,0.034882,0.038643
0.033657,0.035427,0.034399
0.032966,0.022386,0.025732
0.019007,0.021378,0.031558
0.018610,0.019809,0.022385
0.016927,0.024951,0.033032
0.020095,0.053744,0.021074
0.016724,0.017662,0.043286
0.016903,0.017906,0.021151
0.017605,0.043915,0.045204
0.016870,0.018308,0.020603
0.017259,0.018177,0.020762
0.017210,0.018020,0.019970
0.017337,0.018048,0.020293
0.017099,0.040889,0.062006
0.017277,0.018294,0.020766
0.476897,0.018258,0.483114
0.020382,0.021094,0.021192
0.020404,0.020870,0.021394
0.020056,0.021022,0.021384
0.017112,0.017925,0.020602
0.020838,0.020785,0.021695
0.020326,0.021580,0.021188
0.039020,0.020483,0.021770
0.020352,0.020961,0.021317
0.020701,0.020979,0.021866
0.020700,0.021232,0.022107
0.020707,0.021724,0.021761
0.020545,0.021211,0.021992
0.020759,0.021364,0.022174
0.020259,0.021009,0.021681
0.020614,0.021206,0.022078
0.020911,0.021385,0.022007
0.017231,0.018129,0.020670
0.017453,0.018395,0.021265
0.017268,0.018555,0.020670
0.020748,0.020951,0.021899
0.017761,0.018463,0.020876
0.020712,0.027756,0.023339
0.017730,0.018451,0.021382
0.026060,0.027001,0.031430
0.017355,0.018315,0.020663
0.017376,0.018093,0.020709
0.018199,0.018279,0.026669
0.017808,0.018191,0.020906
0.017270,0.018303,0.020655
0.017582,0.018739,0.021038
0.017715,0.018771,0.020581
0.017678,0.018214,0.020616
0.017914,0.018316,0.020774
0.017394,0.018368,0.021076
0.017741,0.018601,0.021289
0.018013,0.018360,0.020513
0.017311,0.018483,0.020715
0.017357,0.018186,0.020726
0.017626,0.018226,0.020870
0.017258,0.018449,0.020493
0.020416,0.021137,0.021854
0.017916,0.018429,0.021198
0.020351,0.049690,0.021941
0.018002,0.018177,0.021282
0.021189,0.020565,0.022673
0.020592,0.021145,0.022081
0.021307,0.021341,0.021988
0.020618,0.020896,0.021967
0.020682,0.021008,0.021921
0.020509,0.020897,0.022020
0.020288,0.020718,0.021851
0.020476,0.021266,0.021668
0.020953,0.021215,0.021752
0.020714,0.020824,0.021636
0.020524,0.020533,0.021801
0.021249,0.021387,0.022230
0.017690,0.018498,0.021189
0.020734,0.021170,0.021749
0.020871,0.021396,0.021892
0.020373,0.020783,0.021898
0.020555,0.020897,0.021991
0.020581,0.021151,0.021859
0.020090,0.020852,0.021652
0.020765,0.021185,0.021760
0.020289,0.020768,0.021716
0.020403,0.021353,0.045643
0.020282,0.020903,0.025982
0.020395,0.020988,0.022014
0.020700,0.021529,0.021776
0.020543,0.020905,0.021823
0.020440,0.020648,0.022271
0.020846,0.020978,0.022094
0.020808,0.020747,0.021850
0.020666,0.020944,0.021734
0.020269,0.020709,0.021795
0.018145,0.018346,0.021158
0.020308,0.020807,0.022205
0.017632,0.018178,0.020563
0.020917,0.020797,0.022009
0.017295,0.018315,0.021329
0.020386,0.022041,0.022005
0.017217,0.018262,0.020478
0.020885,0.021064,0.021601
0.017466,0.018425,0.020696
0.020615,0.021264,0.021861
0.020520,0.021593,0.021741
0.020366,0.020484,0.022288
0.020787,0.020839,0.022191
0.020828,0.021011,0.021577
0.020669,0.021064,0.021740
0.020869,0.021088,0.021623
0.020557,0.021314,0.021925
0.020949,0.020862,0.022157
0.020487,0.021146,0.022467
0.020253,0.021298,0.022106
0.020446,0.020950,0.021800
0.020481,0.020919,0.021741
0.020732,0.021443,0.021755
0.020482,0.020713,0.021990
0.020562,0.020859,0.021795
0.020288,0.020547,0.021838
0.020572,0.021001,0.022250
0.021068,0.021065,0.021748
0.021014,0.021249,0.021934
0.020326,0.020937,0.021788
0.020670,0.021445,0.022182
0.020368,0.021312,0.022039
0.017428,0.018257,0.020945
0.020384,0.020798,0.021959
0.017752,0.018650,0.021195
0.020285,0.020925,0.021682
0.017627,0.018766,0.020514
0.020366,0.020974,0.021782
0.017828,0.018470,0.020587
0.021210,0.021528,0.021970
0.017107,0.018456,0.020580
0.017422,0.018849,0.020561
0.021134,0.026713,0.021781
0.017424,0.018280,0.021257
0.021085,0.021619,0.021835
0.017471,0.018482,0.021806
0.020402,0.020992,0.021927
0.017215,0.018663,0.020701
0.020719,0.020968,0.021784
0.017318,0.018532,0.021062
0.020450,0.020923,0.022229
0.017333,0.018570,0.020672
0.021457,0.021201,0.021883
0.017138,0.018290,0.020623
0.020616,0.020763,0.021760
0.017529,0.018328,0.020958
0.021098,0.021269,0.022103
0.020608,0.020680,0.021619
0.020814,0.021364,0.022958
0.021209,0.079776,0.022862
0.021072,0.021231,0.021994
0.020440,0.020789,0.022290
0.020792,0.021672,0.021798
0.020376,0.020699,0.021788
0.017691,0.018747,0.021099
0.020415,0.020870,0.021886
0.020563,0.021121,0.021959
0.020703,0.020972,0.022157
0.021387,0.021188,0.022229
0.017349,0.018654,0.020790
0.020641,0.021016,0.021911
0.020520,0.020936,0.021628
0.020628,0.020880,0.021988
0.020278,0.020881,0.021687
0.020668,0.021093,0.021700
0.020761,0.021331,0.021700
0.017432,0.018610,0.020791
0.020357,0.020759,0.022583
0.020986,0.020772,0.021843
0.017605,0.018585,0.020761
0.020599,0.021297,0.021922
0.021574,0.021647,0.022023
0.020850,0.020899,0.022439
0.017466,0.018423,0.020758
0.020423,0.020577,0.022077
0.017214,0.018400,0.021001
0.017710,0.018292,0.021281
0.020397,0.020462,0.022212
0.021358,0.021652,0.021810
0.017388,0.018243,0.020594
0.017586,0.025201,0.023990
0.018839,0.018942,0.021455
0.017743,0.018357,0.021385
0.017622,0.018457,0.021158
0.017595,0.018415,0.020566
0.021156,0.021112,0.022650
0.017377,0.018344,0.021033
0.021126,0.021008,0.022498
0.017607,0.018359,0.020946
0.020743,0.021568,0.021756
0.017226,0.018272,0.021238
0.020974,0.021388,0.021926
0.017376,0.018355,0.021618
0.021484,0.021289,0.021868
0.020773,0.021092,0.021705
0.020751,0.020995,0.022205
0.020744,0.020916,0.021919
0.020472,0.021522,0.021752
0.017489,0.018805,0.021306
0.021437,0.021878,0.021866
0.017286,0.018614,0.020859
0.020965,0.021506,0.021931
0.017596,0.018471,0.020958
0.020619,0.021130,0.022516
0.017317,0.018279,0.021050
0.020579,0.021351,0.021977
0.017748,0.018682,0.020533
0.020489,0.021298,0.022312
0.017302,0.018490,0.020544
0.020681,0.021473,0.022160
0.017569,0.018530,0.020558
0.022131,0.021791,0.021905
0.018131,0.018815,0.020723
0.020972,0.021457,0.022077
0.017923,0.018546,0.021476
0.020952,0.021655,0.022092
0.022015,0.022079,0.021734
0.020769,0.021309,0.021953
0.020733,0.021109,0.021707
0.021604,0.022300,0.021688
0.017975,0.018844,0.021082
0.020964,0.020926,0.022094
0.017709,0.018357,0.020985
0.021036,0.021492,0.021695
0.017429,0.018595,0.020582
0.021059,0.020941,0.022110
0.017875,0.018826,0.020611
0.020757,0.020926,0.021801
0.017502,0.018159,0.020647
0.022055,0.021159,0.022077
0.017406,0.018233,0.020729
0.020897,0.021563,0.022536
0.017197,0.018275,0.020943
0.020319,0.020892,0.021811
0.017235,0.018729,0.020885
0.020767,0.020947,0.021829
0.017383,0.018485,0.020634
0.020489,0.021174,0.022045
0.020769,0.021116,0.022332
0.021457,0.021888,0.021762
0.021026,0.021538,0.021886
0.020676,0.021146,0.021664
0.021993,0.021586,0.021923
0.017894,0.018865,0.020517
0.021192,0.021654,0.021847
0.017420,0.018372,0.021053
0.020419,0.020919,0.021881
0.017356,0.018363,0.021171
0.020663,0.020999,0.022954
0.017700,0.018493,0.021082
0.020579,0.021195,0.021741
0.021273,0.021265,0.021837
0.021047,0.021488,0.022380
0.020765,0.022083,0.021888
0.021178,0.022283,0.022403
0.018788,0.019561,0.020491
0.020643,0.020936,0.021857
0.020885,0.021369,0.022447
0.021009,0.021386,0.021794
0.017914,0.018395,0.024848
0.025444,0.021150,0.021988
0.017572,0.018606,0.021050
0.021010,0.021650,0.021758
0.017845,0.018479,0.020710
0.020872,0.020922,0.021988
0.017606,0.018624,0.021237
0.020693,0.021304,0.022154
0.018034,0.018609,0.020474
0.021716,0.021391,0.021802
0.017573,0.018456,0.020639
0.020684,0.021069,0.021970
0.020933,0.020967,0.021717
0.021402,0.021573,0.021836
0.021917,0.018557,0.021326
0.024881,0.021655,0.022078
0.017342,0.018635,0.020946
0.021189,0.021425,0.021942
0.017977,0.018345,0.020956
0.020688,0.021272,0.021697
0.017228,0.018369,0.021088
0.021078,0.021253,0.022102
0.017308,0.018253,0.021173
0.020778,0.021020,0.022197
0.017166,0.018163,0.020689
0.020810,0.021255,0.022054
0.021211,0.021381,0.021929
0.020635,0.021022,0.021967
0.020492,0.020825,0.022265
0.021147,0.021227,0.022251
0.017578,0.019008,0.020664
0.020498,0.020929,0.021863
0.017432,0.018460,0.020612
0.020662,0.021114,0.022170
0.017292,0.018264,0.020749
0.017878,0.018302,0.020702
0.017897,0.018474,0.020608
0.020815,0.021447,0.022005
0.017370,0.018298,0.020546
0.020898,0.021191,0.021907
0.020803,0.021265,0.022522
0.021892,0.021001,0.022192
0.020907,0.021917,0.022126
0.017719,0.025561,0.021052
0.021096,0.021313,0.021846
0.018141,0.018366,0.021083
0.021113,0.021361,0.022240
0.017418,0.018360,0.020663
0.020646,0.021096,0.021889
0.017442,0.018298,0.020806
0.020574,0.021045,0.022159
0.017278,0.018384,0.021207
0.021242,0.021637,0.021845
0.018031,0.018746,0.020907
0.021304,0.021287,0.022250
0.017497,0.018709,0.020584
0.020770,0.021487,0.022186
0.020669,0.020941,0.021762
0.020715,0.021258,0.022029
0.017615,0.018422,0.020775
0.022255,0.021550,0.021763
0.017389,0.018196,0.020821
0.020594,0.021011,0.021762
0.017629,0.018900,0.020657
0.021045,0.021152,0.021881
0.017528,0.018475,0.020719
0.020596,0.020943,0.022198
0.017245,0.018289,0.021675
0.021256,0.020898,0.021730
0.017765,0.018813,0.021776
0.020584,0.021180,0.021729
0.020477,0.020974,0.021695
0.020903,0.021101,0.021827
0.021001,0.021504,0.022228
0.020961,0.020873,0.021764
0.020992,0.025034,0.021969
0.017294,0.018135,0.020846
0.020619,0.020869,0.022107
0.017633,0.018682,0.020610
0.021254,0.022056,0.021693
0.017916,0.018555,0.020918
0.017478,0.018374,0.020603
0.017499,0.018164,0.020759
0.021047,0.021440,0.022294
0.021041,0.021396,0.022083
0.021112,0.021113,0.022034
0.017632,0.018289,0.020560
0.020761,0.021432,0.021776
0.020371,0.021029,0.021850
0.020716,0.021398,0.021737
0.017358,0.018435,0.021139
0.020725,0.025929,0.022335
0.020873,0.021273,0.021842
0.021127,0.021682,0.022265
0.017403,0.018701,0.024913
0.020579,0.086642,0.022176
0.017337,0.018503,0.021007
0.020861,0.021356,0.022338
0.020649,0.021037,0.022020
0.020958,0.021135,0.021723
0.017570,0.018482,0.020751
0.020739,0.021245,0.022275
0.017340,0.018368,0.021256
0.020787,0.021013,0.022085
0.018011,0.018722,0.020836
0.017622,0.018181,0.020616
0.021408,0.020985,0.021789
0.017244,0.018326,0.021029
0.021369,0.020915,0.027117
0.017697,0.025851,0.020847
0.020543,0.020979,0.021946
0.017680,0.018205,0.020868
0.020656,0.021331,0.022173
0.017404,0.018806,0.020762
